local list = {
    2339544253,
    1247779879,
    5151679300,
    7977701151,
    7811849766,
    7803941966,
    2880637817,
    7841161313,
    4712450572,
    1226073100,
    1320143880,
    3059700481,
    1738121441802,
    1522608840,
    3024726810,
    5529245689,
    6067772109,
    1693823310,
    134072733,
    2554368653,
    225998378,
    2608101380,
    1981607939,
    5388603010,
    3899534832,
    5469315367,
    7311200574,
    2738228871,
    2847438357,
    2847555341,
    7737854967,
    2847532576,
    1502209015,
    4246897794,
    2738180961,
    2738564433,
    2738526328,
    1216275713,
    2494574929,
    898470911,
    2494574929,
    1216275713,
    1157264349,
    932106200,
    2839859823,
    4358359547,
    4790204277,
    4901090068,
    4473738491
}

return table.find(list, game.Players.LocalPlayer.UserId) ~= nil
